(kicad_pcb (version 20171130) (host pcbnew "(5.1.0)-1")

  (general
    (thickness 1.6)
    (drawings 7)
    (tracks 578)
    (zones 0)
    (modules 71)
    (nets 79)
  )

  (page A4)
  (layers
    (0 F.Cu signal)
    (1 Alimentaciones signal)
    (2 Referencias signal)
    (31 B.Cu signal)
    (32 B.Adhes user)
    (33 F.Adhes user)
    (34 B.Paste user)
    (35 F.Paste user)
    (36 B.SilkS user)
    (37 F.SilkS user)
    (38 B.Mask user)
    (39 F.Mask user)
    (40 Dwgs.User user)
    (41 Cmts.User user)
    (42 Eco1.User user)
    (43 Eco2.User user)
    (44 Edge.Cuts user)
    (45 Margin user)
    (46 B.CrtYd user)
    (47 F.CrtYd user)
    (48 B.Fab user)
    (49 F.Fab user)
  )

  (setup
    (last_trace_width 0.2794)
    (trace_clearance 0.19812)
    (zone_clearance 0.508)
    (zone_45_only no)
    (trace_min 0.2)
    (via_size 0.4826)
    (via_drill 0.381)
    (via_min_size 0.4)
    (via_min_drill 0.3)
    (blind_buried_vias_allowed yes)
    (uvia_size 0.2794)
    (uvia_drill 0.1016)
    (uvias_allowed yes)
    (uvia_min_size 0.2)
    (uvia_min_drill 0.1)
    (edge_width 0.05)
    (segment_width 0.2)
    (pcb_text_width 0.3)
    (pcb_text_size 1.5 1.5)
    (mod_edge_width 0.12)
    (mod_text_size 1 1)
    (mod_text_width 0.15)
    (pad_size 1.524 1.524)
    (pad_drill 0.762)
    (pad_to_mask_clearance 0.051)
    (solder_mask_min_width 0.25)
    (aux_axis_origin 0 0)
    (visible_elements 7FFDFF3F)
    (pcbplotparams
      (layerselection 0x010fc_ffffffff)
      (usegerberextensions false)
      (usegerberattributes false)
      (usegerberadvancedattributes false)
      (creategerberjobfile false)
      (excludeedgelayer true)
      (linewidth 0.100000)
      (plotframeref false)
      (viasonmask false)
      (mode 1)
      (useauxorigin false)
      (hpglpennumber 1)
      (hpglpenspeed 20)
      (hpglpendiameter 15.000000)
      (psnegative false)
      (psa4output false)
      (plotreference true)
      (plotvalue true)
      (plotinvisibletext false)
      (padsonsilk false)
      (subtractmaskfromsilk false)
      (outputformat 1)
      (mirror false)
      (drillshape 1)
      (scaleselection 1)
      (outputdirectory ""))
  )

  (net 0 "")
  (net 1 ERA)
  (net 2 "Net-(C1-Pad1)")
  (net 3 ELA)
  (net 4 "Net-(C2-Pad1)")
  (net 5 IN2N)
  (net 6 GNDA)
  (net 7 IN2P)
  (net 8 IN1N)
  (net 9 "Net-(C6-Pad1)")
  (net 10 "Net-(C7-Pad1)")
  (net 11 IN1P)
  (net 12 +3V3)
  (net 13 GNDD)
  (net 14 "Net-(C13-Pad2)")
  (net 15 "Net-(C13-Pad1)")
  (net 16 "Net-(C17-Pad2)")
  (net 17 "Net-(C17-Pad1)")
  (net 18 "Net-(C18-Pad2)")
  (net 19 GND)
  (net 20 VREFP)
  (net 21 START)
  (net 22 DRDY)
  (net 23 "Net-(IC1-Pad29)")
  (net 24 RESP_MODP_IN3P)
  (net 25 RESP_MODN_IN3N)
  (net 26 RST)
  (net 27 SCK)
  (net 28 CS)
  (net 29 "Net-(IC3-Pad7)")
  (net 30 RLD)
  (net 31 "Net-(J4-Pad1)")
  (net 32 "Net-(J5-Pad7)")
  (net 33 SDA)
  (net 34 SCL)
  (net 35 "Net-(J5-Pad4)")
  (net 36 "Net-(J5-Pad3)")
  (net 37 RESP_MODP_IN3N)
  (net 38 VDDA)
  (net 39 VDD)
  (net 40 ARESET)
  (net 41 SPI_ACS)
  (net 42 SPI_ADIN)
  (net 43 SPI_ASCLK)
  (net 44 SPI_ADOUT)
  (net 45 ADRDY)
  (net 46 MOSI)
  (net 47 MISO)
  (net 48 "Net-(C15-Pad1)")
  (net 49 "Net-(C16-Pad1)")
  (net 50 "Net-(C29-Pad1)")
  (net 51 "Net-(C30-Pad1)")
  (net 52 CLKSEL)
  (net 53 CLK)
  (net 54 "Net-(IC1-Pad25)")
  (net 55 "Net-(IC1-Pad26)")
  (net 56 CLKB)
  (net 57 STARTB)
  (net 58 "Net-(R14-Pad2)")
  (net 59 "Net-(C14-Pad2)")
  (net 60 "Net-(C14-Pad1)")
  (net 61 "Net-(C20-Pad1)")
  (net 62 "Net-(C21-Pad1)")
  (net 63 "Net-(C22-Pad1)")
  (net 64 "Net-(C25-Pad2)")
  (net 65 "Net-(C26-Pad2)")
  (net 66 "Net-(IC2-Pad1)")
  (net 67 "Net-(IC4-Pad7)")
  (net 68 "Net-(C34-Pad2)")
  (net 69 "Net-(R16-Pad1)")
  (net 70 "Net-(U1-Pad7)")
  (net 71 "Net-(C38-Pad1)")
  (net 72 "Net-(C33-Pad2)")
  (net 73 "Net-(C33-Pad1)")
  (net 74 "Net-(C34-Pad1)")
  (net 75 "Net-(C35-Pad2)")
  (net 76 "Net-(C37-Pad2)")
  (net 77 DC_SAO_3.3V)
  (net 78 RST-Warp7)

  (net_class Default "Esta es la clase de red por defecto."
    (clearance 0.19812)
    (trace_width 0.2794)
    (via_dia 0.4826)
    (via_drill 0.381)
    (uvia_dia 0.2794)
    (uvia_drill 0.1016)
    (diff_pair_width 0.20066)
    (diff_pair_gap 0.29972)
    (add_net +3V3)
    (add_net ADRDY)
    (add_net ARESET)
    (add_net CLK)
    (add_net CLKB)
    (add_net CLKSEL)
    (add_net CS)
    (add_net DC_SAO_3.3V)
    (add_net DRDY)
    (add_net ELA)
    (add_net ERA)
    (add_net GND)
    (add_net GNDA)
    (add_net GNDD)
    (add_net IN1N)
    (add_net IN1P)
    (add_net IN2N)
    (add_net IN2P)
    (add_net MISO)
    (add_net MOSI)
    (add_net "Net-(C1-Pad1)")
    (add_net "Net-(C13-Pad1)")
    (add_net "Net-(C13-Pad2)")
    (add_net "Net-(C14-Pad1)")
    (add_net "Net-(C14-Pad2)")
    (add_net "Net-(C15-Pad1)")
    (add_net "Net-(C16-Pad1)")
    (add_net "Net-(C17-Pad1)")
    (add_net "Net-(C17-Pad2)")
    (add_net "Net-(C18-Pad2)")
    (add_net "Net-(C2-Pad1)")
    (add_net "Net-(C20-Pad1)")
    (add_net "Net-(C21-Pad1)")
    (add_net "Net-(C22-Pad1)")
    (add_net "Net-(C25-Pad2)")
    (add_net "Net-(C26-Pad2)")
    (add_net "Net-(C29-Pad1)")
    (add_net "Net-(C30-Pad1)")
    (add_net "Net-(C33-Pad1)")
    (add_net "Net-(C33-Pad2)")
    (add_net "Net-(C34-Pad1)")
    (add_net "Net-(C34-Pad2)")
    (add_net "Net-(C35-Pad2)")
    (add_net "Net-(C37-Pad2)")
    (add_net "Net-(C38-Pad1)")
    (add_net "Net-(C6-Pad1)")
    (add_net "Net-(C7-Pad1)")
    (add_net "Net-(IC1-Pad25)")
    (add_net "Net-(IC1-Pad26)")
    (add_net "Net-(IC1-Pad29)")
    (add_net "Net-(IC2-Pad1)")
    (add_net "Net-(IC3-Pad7)")
    (add_net "Net-(IC4-Pad7)")
    (add_net "Net-(J4-Pad1)")
    (add_net "Net-(J5-Pad3)")
    (add_net "Net-(J5-Pad4)")
    (add_net "Net-(J5-Pad7)")
    (add_net "Net-(R14-Pad2)")
    (add_net "Net-(R16-Pad1)")
    (add_net "Net-(U1-Pad7)")
    (add_net RESP_MODN_IN3N)
    (add_net RESP_MODP_IN3N)
    (add_net RESP_MODP_IN3P)
    (add_net RLD)
    (add_net RST)
    (add_net RST-Warp7)
    (add_net SCK)
    (add_net SCL)
    (add_net SDA)
    (add_net SPI_ACS)
    (add_net SPI_ADIN)
    (add_net SPI_ADOUT)
    (add_net SPI_ASCLK)
    (add_net START)
    (add_net STARTB)
    (add_net VDD)
    (add_net VDDA)
    (add_net VREFP)
  )

  (module footprints-SamacSys:SOLDERJUMPER_REFLOW_NOPASTE (layer F.Cu) (tedit 0) (tstamp 5CD0FCBB)
    (at 105.05 157.6)
    (path /5CBDE26F/5CDD9267)
    (fp_text reference SJ1 (at -1.651 -1.143) (layer F.SilkS)
      (effects (font (size 0.77216 0.77216) (thickness 0.08128)) (justify left bottom))
    )
    (fp_text value JUMPER (at 0.4001 0) (layer F.Fab)
      (effects (font (size 0.019 0.019) (thickness 0.0016)) (justify left bottom))
    )
    (fp_poly (pts (xy -0.0762 0.9144) (xy 0.0762 0.9144) (xy 0.0762 -0.9144) (xy -0.0762 -0.9144)) (layer F.Mask) (width 0))
    (fp_arc (start 0.254 0) (end 0.254 -0.127) (angle 180) (layer F.Fab) (width 1.27))
    (fp_arc (start -0.254 0) (end -0.254 0.127) (angle 180) (layer F.Fab) (width 1.27))
    (fp_line (start -1.016 0) (end -1.524 0) (layer F.Fab) (width 0.1524))
    (fp_line (start 1.016 0) (end 1.524 0) (layer F.Fab) (width 0.1524))
    (fp_line (start -1.397 -1.016) (end 1.397 -1.016) (layer F.SilkS) (width 0.1524))
    (fp_line (start -1.651 0.762) (end -1.651 -0.762) (layer F.SilkS) (width 0.1524))
    (fp_line (start 1.651 0.762) (end 1.651 -0.762) (layer F.SilkS) (width 0.1524))
    (fp_arc (start 1.397 0.762) (end 1.397 1.016) (angle -90) (layer F.SilkS) (width 0.1524))
    (fp_arc (start -1.397 0.762) (end -1.651 0.762) (angle -90) (layer F.SilkS) (width 0.1524))
    (fp_arc (start -1.397 -0.762) (end -1.651 -0.762) (angle 90) (layer F.SilkS) (width 0.1524))
    (fp_arc (start 1.397 -0.762) (end 1.397 -1.016) (angle 90) (layer F.SilkS) (width 0.1524))
    (fp_line (start 1.397 1.016) (end -1.397 1.016) (layer F.SilkS) (width 0.1524))
    (pad 2 smd rect (at 0.762 0) (size 1.1684 1.6002) (layers F.Cu F.Mask)
      (net 19 GND) (solder_mask_margin 0.0762))
    (pad 1 smd rect (at -0.762 0) (size 1.1684 1.6002) (layers F.Cu F.Mask)
      (net 26 RST) (solder_mask_margin 0.0762))
  )

  (module Connector_Audio:Jack_3.5mm_CUI_SJ-3523-SMT_Horizontal (layer F.Cu) (tedit 5C635420) (tstamp 5CA98B94)
    (at 86.575 102.375)
    (descr "3.5 mm, Stereo, Right Angle, Surface Mount (SMT), Audio Jack Connector (https://www.cui.com/product/resource/sj-352x-smt-series.pdf)")
    (tags "3.5mm audio cui horizontal jack stereo")
    (path /5CA7F59F/5CC8420F)
    (attr smd)
    (fp_text reference J3 (at 0 -9.9) (layer F.SilkS)
      (effects (font (size 1 1) (thickness 0.15)))
    )
    (fp_text value AudioJack3 (at 0 10.35) (layer F.Fab)
      (effects (font (size 1 1) (thickness 0.15)))
    )
    (fp_line (start -3.1 -2.3) (end -5.1 -2.3) (layer F.SilkS) (width 0.12))
    (fp_line (start -3.1 -4.9) (end -5.1 -4.9) (layer F.SilkS) (width 0.12))
    (fp_line (start -3.1 4.2) (end -3.1 -2.3) (layer F.SilkS) (width 0.12))
    (fp_line (start -3.1 8.6) (end -3.1 7.4) (layer F.SilkS) (width 0.12))
    (fp_line (start 3.1 8.6) (end -3.1 8.6) (layer F.SilkS) (width 0.12))
    (fp_line (start 3.1 -0.3) (end 3.1 8.6) (layer F.SilkS) (width 0.12))
    (fp_line (start 3.1 -6.1) (end 3.1 -2.9) (layer F.SilkS) (width 0.12))
    (fp_line (start 2.6 -6.1) (end 3.1 -6.1) (layer F.SilkS) (width 0.12))
    (fp_line (start 2.6 -8.6) (end 2.6 -6.1) (layer F.SilkS) (width 0.12))
    (fp_line (start -2.6 -8.6) (end 2.6 -8.6) (layer F.SilkS) (width 0.12))
    (fp_line (start -2.6 -6.1) (end -2.6 -8.6) (layer F.SilkS) (width 0.12))
    (fp_line (start -3.1 -6.1) (end -2.6 -6.1) (layer F.SilkS) (width 0.12))
    (fp_line (start -3.1 -4.9) (end -3.1 -6.1) (layer F.SilkS) (width 0.12))
    (fp_text user %R (at 0 0) (layer F.Fab)
      (effects (font (size 1 1) (thickness 0.15)))
    )
    (fp_line (start -5.6 -9) (end 5.6 -9) (layer F.CrtYd) (width 0.05))
    (fp_line (start -5.6 9) (end -5.6 -9) (layer F.CrtYd) (width 0.05))
    (fp_line (start 5.6 9) (end -5.6 9) (layer F.CrtYd) (width 0.05))
    (fp_line (start 5.6 -9) (end 5.6 9) (layer F.CrtYd) (width 0.05))
    (fp_line (start 2.5 -6) (end 3 -6) (layer F.Fab) (width 0.1))
    (fp_line (start 2.5 -8.5) (end 2.5 -6) (layer F.Fab) (width 0.1))
    (fp_line (start -2.5 -8.5) (end 2.5 -8.5) (layer F.Fab) (width 0.1))
    (fp_line (start -2.5 -6) (end -2.5 -8.5) (layer F.Fab) (width 0.1))
    (fp_line (start -3 -6) (end -2.5 -6) (layer F.Fab) (width 0.1))
    (fp_line (start -3 8.5) (end -3 -6) (layer F.Fab) (width 0.1))
    (fp_line (start 3 8.5) (end -3 8.5) (layer F.Fab) (width 0.1))
    (fp_line (start 3 -6) (end 3 8.5) (layer F.Fab) (width 0.1))
    (pad "" np_thru_hole circle (at 0 4.5) (size 1.7 1.7) (drill 1.7) (layers *.Cu *.Mask))
    (pad "" np_thru_hole circle (at 0 -2.5) (size 1.7 1.7) (drill 1.7) (layers *.Cu *.Mask))
    (pad T smd rect (at -3.7 5.8) (size 2.8 2.8) (layers F.Cu F.Paste F.Mask)
      (net 30 RLD))
    (pad S smd rect (at -3.7 -3.6) (size 2.8 2.2) (layers F.Cu F.Paste F.Mask)
      (net 30 RLD))
    (pad R smd rect (at 3.7 -1.6) (size 2.8 2.2) (layers F.Cu F.Paste F.Mask)
      (net 30 RLD))
    (model ${KISYS3DMOD}/Connector_Audio.3dshapes/Jack_3.5mm_CUI_SJ-3523-SMT_Horizontal.wrl
      (at (xyz 0 0 0))
      (scale (xyz 1 1 1))
      (rotate (xyz 0 0 0))
    )
  )

  (module Connector_Audio:Jack_3.5mm_CUI_SJ-3523-SMT_Horizontal (layer F.Cu) (tedit 5C635420) (tstamp 5CC57B62)
    (at 75.375 102.375)
    (descr "3.5 mm, Stereo, Right Angle, Surface Mount (SMT), Audio Jack Connector (https://www.cui.com/product/resource/sj-352x-smt-series.pdf)")
    (tags "3.5mm audio cui horizontal jack stereo")
    (path /5CA7F59F/5CC82AB1)
    (attr smd)
    (fp_text reference J2 (at 0 -9.9) (layer F.SilkS)
      (effects (font (size 1 1) (thickness 0.15)))
    )
    (fp_text value AudioJack3 (at 0 10.35) (layer F.Fab)
      (effects (font (size 1 1) (thickness 0.15)))
    )
    (fp_line (start -3.1 -2.3) (end -5.1 -2.3) (layer F.SilkS) (width 0.12))
    (fp_line (start -3.1 -4.9) (end -5.1 -4.9) (layer F.SilkS) (width 0.12))
    (fp_line (start -3.1 4.2) (end -3.1 -2.3) (layer F.SilkS) (width 0.12))
    (fp_line (start -3.1 8.6) (end -3.1 7.4) (layer F.SilkS) (width 0.12))
    (fp_line (start 3.1 8.6) (end -3.1 8.6) (layer F.SilkS) (width 0.12))
    (fp_line (start 3.1 -0.3) (end 3.1 8.6) (layer F.SilkS) (width 0.12))
    (fp_line (start 3.1 -6.1) (end 3.1 -2.9) (layer F.SilkS) (width 0.12))
    (fp_line (start 2.6 -6.1) (end 3.1 -6.1) (layer F.SilkS) (width 0.12))
    (fp_line (start 2.6 -8.6) (end 2.6 -6.1) (layer F.SilkS) (width 0.12))
    (fp_line (start -2.6 -8.6) (end 2.6 -8.6) (layer F.SilkS) (width 0.12))
    (fp_line (start -2.6 -6.1) (end -2.6 -8.6) (layer F.SilkS) (width 0.12))
    (fp_line (start -3.1 -6.1) (end -2.6 -6.1) (layer F.SilkS) (width 0.12))
    (fp_line (start -3.1 -4.9) (end -3.1 -6.1) (layer F.SilkS) (width 0.12))
    (fp_text user %R (at 0 0) (layer F.Fab)
      (effects (font (size 1 1) (thickness 0.15)))
    )
    (fp_line (start -5.6 -9) (end 5.6 -9) (layer F.CrtYd) (width 0.05))
    (fp_line (start -5.6 9) (end -5.6 -9) (layer F.CrtYd) (width 0.05))
    (fp_line (start 5.6 9) (end -5.6 9) (layer F.CrtYd) (width 0.05))
    (fp_line (start 5.6 -9) (end 5.6 9) (layer F.CrtYd) (width 0.05))
    (fp_line (start 2.5 -6) (end 3 -6) (layer F.Fab) (width 0.1))
    (fp_line (start 2.5 -8.5) (end 2.5 -6) (layer F.Fab) (width 0.1))
    (fp_line (start -2.5 -8.5) (end 2.5 -8.5) (layer F.Fab) (width 0.1))
    (fp_line (start -2.5 -6) (end -2.5 -8.5) (layer F.Fab) (width 0.1))
    (fp_line (start -3 -6) (end -2.5 -6) (layer F.Fab) (width 0.1))
    (fp_line (start -3 8.5) (end -3 -6) (layer F.Fab) (width 0.1))
    (fp_line (start 3 8.5) (end -3 8.5) (layer F.Fab) (width 0.1))
    (fp_line (start 3 -6) (end 3 8.5) (layer F.Fab) (width 0.1))
    (pad "" np_thru_hole circle (at 0 4.5) (size 1.7 1.7) (drill 1.7) (layers *.Cu *.Mask))
    (pad "" np_thru_hole circle (at 0 -2.5) (size 1.7 1.7) (drill 1.7) (layers *.Cu *.Mask))
    (pad T smd rect (at -3.7 5.8) (size 2.8 2.8) (layers F.Cu F.Paste F.Mask)
      (net 3 ELA))
    (pad S smd rect (at -3.7 -3.6) (size 2.8 2.2) (layers F.Cu F.Paste F.Mask)
      (net 3 ELA))
    (pad R smd rect (at 3.7 -1.6) (size 2.8 2.2) (layers F.Cu F.Paste F.Mask)
      (net 3 ELA))
    (model ${KISYS3DMOD}/Connector_Audio.3dshapes/Jack_3.5mm_CUI_SJ-3523-SMT_Horizontal.wrl
      (at (xyz 0 0 0))
      (scale (xyz 1 1 1))
      (rotate (xyz 0 0 0))
    )
  )

  (module Connector_Audio:Jack_3.5mm_CUI_SJ-3523-SMT_Horizontal (layer F.Cu) (tedit 5C635420) (tstamp 5CA9689C)
    (at 64.175 102.375)
    (descr "3.5 mm, Stereo, Right Angle, Surface Mount (SMT), Audio Jack Connector (https://www.cui.com/product/resource/sj-352x-smt-series.pdf)")
    (tags "3.5mm audio cui horizontal jack stereo")
    (path /5CA7F59F/5CC75A99)
    (attr smd)
    (fp_text reference J1 (at 0 -9.9) (layer F.SilkS)
      (effects (font (size 1 1) (thickness 0.15)))
    )
    (fp_text value AudioJack3 (at 0 10.35) (layer F.Fab)
      (effects (font (size 1 1) (thickness 0.15)))
    )
    (fp_line (start -3.1 -2.3) (end -5.1 -2.3) (layer F.SilkS) (width 0.12))
    (fp_line (start -3.1 -4.9) (end -5.1 -4.9) (layer F.SilkS) (width 0.12))
    (fp_line (start -3.1 4.2) (end -3.1 -2.3) (layer F.SilkS) (width 0.12))
    (fp_line (start -3.1 8.6) (end -3.1 7.4) (layer F.SilkS) (width 0.12))
    (fp_line (start 3.1 8.6) (end -3.1 8.6) (layer F.SilkS) (width 0.12))
    (fp_line (start 3.1 -0.3) (end 3.1 8.6) (layer F.SilkS) (width 0.12))
    (fp_line (start 3.1 -6.1) (end 3.1 -2.9) (layer F.SilkS) (width 0.12))
    (fp_line (start 2.6 -6.1) (end 3.1 -6.1) (layer F.SilkS) (width 0.12))
    (fp_line (start 2.6 -8.6) (end 2.6 -6.1) (layer F.SilkS) (width 0.12))
    (fp_line (start -2.6 -8.6) (end 2.6 -8.6) (layer F.SilkS) (width 0.12))
    (fp_line (start -2.6 -6.1) (end -2.6 -8.6) (layer F.SilkS) (width 0.12))
    (fp_line (start -3.1 -6.1) (end -2.6 -6.1) (layer F.SilkS) (width 0.12))
    (fp_line (start -3.1 -4.9) (end -3.1 -6.1) (layer F.SilkS) (width 0.12))
    (fp_text user %R (at 0 0) (layer F.Fab)
      (effects (font (size 1 1) (thickness 0.15)))
    )
    (fp_line (start -5.6 -9) (end 5.6 -9) (layer F.CrtYd) (width 0.05))
    (fp_line (start -5.6 9) (end -5.6 -9) (layer F.CrtYd) (width 0.05))
    (fp_line (start 5.6 9) (end -5.6 9) (layer F.CrtYd) (width 0.05))
    (fp_line (start 5.6 -9) (end 5.6 9) (layer F.CrtYd) (width 0.05))
    (fp_line (start 2.5 -6) (end 3 -6) (layer F.Fab) (width 0.1))
    (fp_line (start 2.5 -8.5) (end 2.5 -6) (layer F.Fab) (width 0.1))
    (fp_line (start -2.5 -8.5) (end 2.5 -8.5) (layer F.Fab) (width 0.1))
    (fp_line (start -2.5 -6) (end -2.5 -8.5) (layer F.Fab) (width 0.1))
    (fp_line (start -3 -6) (end -2.5 -6) (layer F.Fab) (width 0.1))
    (fp_line (start -3 8.5) (end -3 -6) (layer F.Fab) (width 0.1))
    (fp_line (start 3 8.5) (end -3 8.5) (layer F.Fab) (width 0.1))
    (fp_line (start 3 -6) (end 3 8.5) (layer F.Fab) (width 0.1))
    (pad "" np_thru_hole circle (at 0 4.5) (size 1.7 1.7) (drill 1.7) (layers *.Cu *.Mask))
    (pad "" np_thru_hole circle (at 0 -2.5) (size 1.7 1.7) (drill 1.7) (layers *.Cu *.Mask))
    (pad T smd rect (at -3.7 5.8) (size 2.8 2.8) (layers F.Cu F.Paste F.Mask)
      (net 1 ERA))
    (pad S smd rect (at -3.7 -3.6) (size 2.8 2.2) (layers F.Cu F.Paste F.Mask)
      (net 1 ERA))
    (pad R smd rect (at 3.7 -1.6) (size 2.8 2.2) (layers F.Cu F.Paste F.Mask)
      (net 1 ERA))
    (model ${KISYS3DMOD}/Connector_Audio.3dshapes/Jack_3.5mm_CUI_SJ-3523-SMT_Horizontal.wrl
      (at (xyz 0 0 0))
      (scale (xyz 1 1 1))
      (rotate (xyz 0 0 0))
    )
  )

  (module Capacitor_SMD:C_0603_1608Metric (layer B.Cu) (tedit 5B301BBE) (tstamp 5CB62A97)
    (at 65.025 116.05 90)
    (descr "Capacitor SMD 0603 (1608 Metric), square (rectangular) end terminal, IPC_7351 nominal, (Body size source: http://www.tortai-tech.com/upload/download/2011102023233369053.pdf), generated with kicad-footprint-generator")
    (tags capacitor)
    (path /5CA7F59F/5CAB1852)
    (attr smd)
    (fp_text reference C1 (at 0 1.43 90) (layer B.SilkS)
      (effects (font (size 1 1) (thickness 0.15)) (justify mirror))
    )
    (fp_text value 0.1uf (at 0 -1.43 90) (layer B.Fab)
      (effects (font (size 1 1) (thickness 0.15)) (justify mirror))
    )
    (fp_text user %R (at 0 0 90) (layer B.Fab)
      (effects (font (size 0.4 0.4) (thickness 0.06)) (justify mirror))
    )
    (fp_line (start 1.48 -0.73) (end -1.48 -0.73) (layer B.CrtYd) (width 0.05))
    (fp_line (start 1.48 0.73) (end 1.48 -0.73) (layer B.CrtYd) (width 0.05))
    (fp_line (start -1.48 0.73) (end 1.48 0.73) (layer B.CrtYd) (width 0.05))
    (fp_line (start -1.48 -0.73) (end -1.48 0.73) (layer B.CrtYd) (width 0.05))
    (fp_line (start -0.162779 -0.51) (end 0.162779 -0.51) (layer B.SilkS) (width 0.12))
    (fp_line (start -0.162779 0.51) (end 0.162779 0.51) (layer B.SilkS) (width 0.12))
    (fp_line (start 0.8 -0.4) (end -0.8 -0.4) (layer B.Fab) (width 0.1))
    (fp_line (start 0.8 0.4) (end 0.8 -0.4) (layer B.Fab) (width 0.1))
    (fp_line (start -0.8 0.4) (end 0.8 0.4) (layer B.Fab) (width 0.1))
    (fp_line (start -0.8 -0.4) (end -0.8 0.4) (layer B.Fab) (width 0.1))
    (pad 2 smd roundrect (at 0.7875 0 90) (size 0.875 0.95) (layers B.Cu B.Paste B.Mask) (roundrect_rratio 0.25)
      (net 1 ERA))
    (pad 1 smd roundrect (at -0.7875 0 90) (size 0.875 0.95) (layers B.Cu B.Paste B.Mask) (roundrect_rratio 0.25)
      (net 2 "Net-(C1-Pad1)"))
    (model ${KISYS3DMOD}/Capacitor_SMD.3dshapes/C_0603_1608Metric.wrl
      (at (xyz 0 0 0))
      (scale (xyz 1 1 1))
      (rotate (xyz 0 0 0))
    )
  )

  (module Capacitor_SMD:C_0603_1608Metric (layer B.Cu) (tedit 5B301BBE) (tstamp 5CA9680B)
    (at 71.95 136.525 180)
    (descr "Capacitor SMD 0603 (1608 Metric), square (rectangular) end terminal, IPC_7351 nominal, (Body size source: http://www.tortai-tech.com/upload/download/2011102023233369053.pdf), generated with kicad-footprint-generator")
    (tags capacitor)
    (path /5CA9273F/5CAA8972)
    (attr smd)
    (fp_text reference C30 (at 0.0125 -0.05 180) (layer B.SilkS)
      (effects (font (size 1 1) (thickness 0.15)) (justify mirror))
    )
    (fp_text value 1uF (at 0 -1.43 180) (layer B.Fab)
      (effects (font (size 1 1) (thickness 0.15)) (justify mirror))
    )
    (fp_line (start -0.8 -0.4) (end -0.8 0.4) (layer B.Fab) (width 0.1))
    (fp_line (start -0.8 0.4) (end 0.8 0.4) (layer B.Fab) (width 0.1))
    (fp_line (start 0.8 0.4) (end 0.8 -0.4) (layer B.Fab) (width 0.1))
    (fp_line (start 0.8 -0.4) (end -0.8 -0.4) (layer B.Fab) (width 0.1))
    (fp_line (start -0.162779 0.51) (end 0.162779 0.51) (layer B.SilkS) (width 0.12))
    (fp_line (start -0.162779 -0.51) (end 0.162779 -0.51) (layer B.SilkS) (width 0.12))
    (fp_line (start -1.48 -0.73) (end -1.48 0.73) (layer B.CrtYd) (width 0.05))
    (fp_line (start -1.48 0.73) (end 1.48 0.73) (layer B.CrtYd) (width 0.05))
    (fp_line (start 1.48 0.73) (end 1.48 -0.73) (layer B.CrtYd) (width 0.05))
    (fp_line (start 1.48 -0.73) (end -1.48 -0.73) (layer B.CrtYd) (width 0.05))
    (fp_text user %R (at 0 0 180) (layer B.Fab)
      (effects (font (size 0.4 0.4) (thickness 0.06)) (justify mirror))
    )
    (pad 1 smd roundrect (at -0.7875 0 180) (size 0.875 0.95) (layers B.Cu B.Paste B.Mask) (roundrect_rratio 0.25)
      (net 51 "Net-(C30-Pad1)"))
    (pad 2 smd roundrect (at 0.7875 0 180) (size 0.875 0.95) (layers B.Cu B.Paste B.Mask) (roundrect_rratio 0.25)
      (net 6 GNDA))
    (model ${KISYS3DMOD}/Capacitor_SMD.3dshapes/C_0603_1608Metric.wrl
      (at (xyz 0 0 0))
      (scale (xyz 1 1 1))
      (rotate (xyz 0 0 0))
    )
  )

  (module Capacitor_SMD:C_0603_1608Metric (layer F.Cu) (tedit 5B301BBE) (tstamp 5CA967FA)
    (at 70.3875 136.525)
    (descr "Capacitor SMD 0603 (1608 Metric), square (rectangular) end terminal, IPC_7351 nominal, (Body size source: http://www.tortai-tech.com/upload/download/2011102023233369053.pdf), generated with kicad-footprint-generator")
    (tags capacitor)
    (path /5CA9273F/5CAA7834)
    (attr smd)
    (fp_text reference C29 (at 0 0.024999) (layer F.SilkS)
      (effects (font (size 1 1) (thickness 0.15)))
    )
    (fp_text value 10nF (at 0 1.43) (layer F.Fab)
      (effects (font (size 1 1) (thickness 0.15)))
    )
    (fp_text user %R (at 0 0) (layer F.Fab)
      (effects (font (size 0.4 0.4) (thickness 0.06)))
    )
    (fp_line (start 1.48 0.73) (end -1.48 0.73) (layer F.CrtYd) (width 0.05))
    (fp_line (start 1.48 -0.73) (end 1.48 0.73) (layer F.CrtYd) (width 0.05))
    (fp_line (start -1.48 -0.73) (end 1.48 -0.73) (layer F.CrtYd) (width 0.05))
    (fp_line (start -1.48 0.73) (end -1.48 -0.73) (layer F.CrtYd) (width 0.05))
    (fp_line (start -0.162779 0.51) (end 0.162779 0.51) (layer F.SilkS) (width 0.12))
    (fp_line (start -0.162779 -0.51) (end 0.162779 -0.51) (layer F.SilkS) (width 0.12))
    (fp_line (start 0.8 0.4) (end -0.8 0.4) (layer F.Fab) (width 0.1))
    (fp_line (start 0.8 -0.4) (end 0.8 0.4) (layer F.Fab) (width 0.1))
    (fp_line (start -0.8 -0.4) (end 0.8 -0.4) (layer F.Fab) (width 0.1))
    (fp_line (start -0.8 0.4) (end -0.8 -0.4) (layer F.Fab) (width 0.1))
    (pad 2 smd roundrect (at 0.7875 0) (size 0.875 0.95) (layers F.Cu F.Paste F.Mask) (roundrect_rratio 0.25)
      (net 6 GNDA))
    (pad 1 smd roundrect (at -0.7875 0) (size 0.875 0.95) (layers F.Cu F.Paste F.Mask) (roundrect_rratio 0.25)
      (net 50 "Net-(C29-Pad1)"))
    (model ${KISYS3DMOD}/Capacitor_SMD.3dshapes/C_0603_1608Metric.wrl
      (at (xyz 0 0 0))
      (scale (xyz 1 1 1))
      (rotate (xyz 0 0 0))
    )
  )

  (module Capacitor_SMD:C_0603_1608Metric (layer F.Cu) (tedit 5B301BBE) (tstamp 5CAD2775)
    (at 78.425 136.525)
    (descr "Capacitor SMD 0603 (1608 Metric), square (rectangular) end terminal, IPC_7351 nominal, (Body size source: http://www.tortai-tech.com/upload/download/2011102023233369053.pdf), generated with kicad-footprint-generator")
    (tags capacitor)
    (path /5CA9273F/5CAC8B35)
    (attr smd)
    (fp_text reference C28 (at 0 0) (layer F.SilkS)
      (effects (font (size 1 1) (thickness 0.15)))
    )
    (fp_text value 1uF (at 0 1.43) (layer F.Fab)
      (effects (font (size 1 1) (thickness 0.15)))
    )
    (fp_text user %R (at 0 0) (layer F.Fab)
      (effects (font (size 0.4 0.4) (thickness 0.06)))
    )
    (fp_line (start 1.48 0.73) (end -1.48 0.73) (layer F.CrtYd) (width 0.05))
    (fp_line (start 1.48 -0.73) (end 1.48 0.73) (layer F.CrtYd) (width 0.05))
    (fp_line (start -1.48 -0.73) (end 1.48 -0.73) (layer F.CrtYd) (width 0.05))
    (fp_line (start -1.48 0.73) (end -1.48 -0.73) (layer F.CrtYd) (width 0.05))
    (fp_line (start -0.162779 0.51) (end 0.162779 0.51) (layer F.SilkS) (width 0.12))
    (fp_line (start -0.162779 -0.51) (end 0.162779 -0.51) (layer F.SilkS) (width 0.12))
    (fp_line (start 0.8 0.4) (end -0.8 0.4) (layer F.Fab) (width 0.1))
    (fp_line (start 0.8 -0.4) (end 0.8 0.4) (layer F.Fab) (width 0.1))
    (fp_line (start -0.8 -0.4) (end 0.8 -0.4) (layer F.Fab) (width 0.1))
    (fp_line (start -0.8 0.4) (end -0.8 -0.4) (layer F.Fab) (width 0.1))
    (pad 2 smd roundrect (at 0.7875 0) (size 0.875 0.95) (layers F.Cu F.Paste F.Mask) (roundrect_rratio 0.25)
      (net 13 GNDD))
    (pad 1 smd roundrect (at -0.7875 0) (size 0.875 0.95) (layers F.Cu F.Paste F.Mask) (roundrect_rratio 0.25)
      (net 65 "Net-(C26-Pad2)"))
    (model ${KISYS3DMOD}/Capacitor_SMD.3dshapes/C_0603_1608Metric.wrl
      (at (xyz 0 0 0))
      (scale (xyz 1 1 1))
      (rotate (xyz 0 0 0))
    )
  )

  (module Capacitor_SMD:C_0603_1608Metric (layer B.Cu) (tedit 5B301BBE) (tstamp 5CA967D8)
    (at 64.3 136.525)
    (descr "Capacitor SMD 0603 (1608 Metric), square (rectangular) end terminal, IPC_7351 nominal, (Body size source: http://www.tortai-tech.com/upload/download/2011102023233369053.pdf), generated with kicad-footprint-generator")
    (tags capacitor)
    (path /5CA9273F/5CA9CB34)
    (attr smd)
    (fp_text reference C27 (at 0.05 0) (layer B.SilkS)
      (effects (font (size 1 1) (thickness 0.15)) (justify mirror))
    )
    (fp_text value 1uF (at 0 -1.43) (layer B.Fab)
      (effects (font (size 1 1) (thickness 0.15)) (justify mirror))
    )
    (fp_line (start -0.8 -0.4) (end -0.8 0.4) (layer B.Fab) (width 0.1))
    (fp_line (start -0.8 0.4) (end 0.8 0.4) (layer B.Fab) (width 0.1))
    (fp_line (start 0.8 0.4) (end 0.8 -0.4) (layer B.Fab) (width 0.1))
    (fp_line (start 0.8 -0.4) (end -0.8 -0.4) (layer B.Fab) (width 0.1))
    (fp_line (start -0.162779 0.51) (end 0.162779 0.51) (layer B.SilkS) (width 0.12))
    (fp_line (start -0.162779 -0.51) (end 0.162779 -0.51) (layer B.SilkS) (width 0.12))
    (fp_line (start -1.48 -0.73) (end -1.48 0.73) (layer B.CrtYd) (width 0.05))
    (fp_line (start -1.48 0.73) (end 1.48 0.73) (layer B.CrtYd) (width 0.05))
    (fp_line (start 1.48 0.73) (end 1.48 -0.73) (layer B.CrtYd) (width 0.05))
    (fp_line (start 1.48 -0.73) (end -1.48 -0.73) (layer B.CrtYd) (width 0.05))
    (fp_text user %R (at 0 0) (layer B.Fab)
      (effects (font (size 0.4 0.4) (thickness 0.06)) (justify mirror))
    )
    (pad 1 smd roundrect (at -0.7875 0) (size 0.875 0.95) (layers B.Cu B.Paste B.Mask) (roundrect_rratio 0.25)
      (net 64 "Net-(C25-Pad2)"))
    (pad 2 smd roundrect (at 0.7875 0) (size 0.875 0.95) (layers B.Cu B.Paste B.Mask) (roundrect_rratio 0.25)
      (net 6 GNDA))
    (model ${KISYS3DMOD}/Capacitor_SMD.3dshapes/C_0603_1608Metric.wrl
      (at (xyz 0 0 0))
      (scale (xyz 1 1 1))
      (rotate (xyz 0 0 0))
    )
  )

  (module Capacitor_SMD:C_0603_1608Metric (layer B.Cu) (tedit 5B301BBE) (tstamp 5CA967C7)
    (at 78.4125 136.525 180)
    (descr "Capacitor SMD 0603 (1608 Metric), square (rectangular) end terminal, IPC_7351 nominal, (Body size source: http://www.tortai-tech.com/upload/download/2011102023233369053.pdf), generated with kicad-footprint-generator")
    (tags capacitor)
    (path /5CA9273F/5CAC4183)
    (attr smd)
    (fp_text reference C26 (at 0.1 0 180) (layer B.SilkS)
      (effects (font (size 1 1) (thickness 0.15)) (justify mirror))
    )
    (fp_text value 10uF (at 0 -1.43 180) (layer B.Fab)
      (effects (font (size 1 1) (thickness 0.15)) (justify mirror))
    )
    (fp_line (start -0.8 -0.4) (end -0.8 0.4) (layer B.Fab) (width 0.1))
    (fp_line (start -0.8 0.4) (end 0.8 0.4) (layer B.Fab) (width 0.1))
    (fp_line (start 0.8 0.4) (end 0.8 -0.4) (layer B.Fab) (width 0.1))
    (fp_line (start 0.8 -0.4) (end -0.8 -0.4) (layer B.Fab) (width 0.1))
    (fp_line (start -0.162779 0.51) (end 0.162779 0.51) (layer B.SilkS) (width 0.12))
    (fp_line (start -0.162779 -0.51) (end 0.162779 -0.51) (layer B.SilkS) (width 0.12))
    (fp_line (start -1.48 -0.73) (end -1.48 0.73) (layer B.CrtYd) (width 0.05))
    (fp_line (start -1.48 0.73) (end 1.48 0.73) (layer B.CrtYd) (width 0.05))
    (fp_line (start 1.48 0.73) (end 1.48 -0.73) (layer B.CrtYd) (width 0.05))
    (fp_line (start 1.48 -0.73) (end -1.48 -0.73) (layer B.CrtYd) (width 0.05))
    (fp_text user %R (at 0 0 180) (layer B.Fab)
      (effects (font (size 0.4 0.4) (thickness 0.06)) (justify mirror))
    )
    (pad 1 smd roundrect (at -0.7875 0 180) (size 0.875 0.95) (layers B.Cu B.Paste B.Mask) (roundrect_rratio 0.25)
      (net 13 GNDD))
    (pad 2 smd roundrect (at 0.7875 0 180) (size 0.875 0.95) (layers B.Cu B.Paste B.Mask) (roundrect_rratio 0.25)
      (net 65 "Net-(C26-Pad2)"))
    (model ${KISYS3DMOD}/Capacitor_SMD.3dshapes/C_0603_1608Metric.wrl
      (at (xyz 0 0 0))
      (scale (xyz 1 1 1))
      (rotate (xyz 0 0 0))
    )
  )

  (module Capacitor_SMD:C_0603_1608Metric (layer F.Cu) (tedit 5B301BBE) (tstamp 5CB2B2B4)
    (at 64.3125 136.525 180)
    (descr "Capacitor SMD 0603 (1608 Metric), square (rectangular) end terminal, IPC_7351 nominal, (Body size source: http://www.tortai-tech.com/upload/download/2011102023233369053.pdf), generated with kicad-footprint-generator")
    (tags capacitor)
    (path /5CA9273F/5CA9A972)
    (attr smd)
    (fp_text reference C25 (at -0.045001 0.024999 180) (layer F.SilkS)
      (effects (font (size 1 1) (thickness 0.15)))
    )
    (fp_text value 10uF (at 0 1.43 180) (layer F.Fab)
      (effects (font (size 1 1) (thickness 0.15)))
    )
    (fp_text user %R (at 0 0 180) (layer F.Fab)
      (effects (font (size 0.4 0.4) (thickness 0.06)))
    )
    (fp_line (start 1.48 0.73) (end -1.48 0.73) (layer F.CrtYd) (width 0.05))
    (fp_line (start 1.48 -0.73) (end 1.48 0.73) (layer F.CrtYd) (width 0.05))
    (fp_line (start -1.48 -0.73) (end 1.48 -0.73) (layer F.CrtYd) (width 0.05))
    (fp_line (start -1.48 0.73) (end -1.48 -0.73) (layer F.CrtYd) (width 0.05))
    (fp_line (start -0.162779 0.51) (end 0.162779 0.51) (layer F.SilkS) (width 0.12))
    (fp_line (start -0.162779 -0.51) (end 0.162779 -0.51) (layer F.SilkS) (width 0.12))
    (fp_line (start 0.8 0.4) (end -0.8 0.4) (layer F.Fab) (width 0.1))
    (fp_line (start 0.8 -0.4) (end 0.8 0.4) (layer F.Fab) (width 0.1))
    (fp_line (start -0.8 -0.4) (end 0.8 -0.4) (layer F.Fab) (width 0.1))
    (fp_line (start -0.8 0.4) (end -0.8 -0.4) (layer F.Fab) (width 0.1))
    (pad 2 smd roundrect (at 0.7875 0 180) (size 0.875 0.95) (layers F.Cu F.Paste F.Mask) (roundrect_rratio 0.25)
      (net 64 "Net-(C25-Pad2)"))
    (pad 1 smd roundrect (at -0.7875 0 180) (size 0.875 0.95) (layers F.Cu F.Paste F.Mask) (roundrect_rratio 0.25)
      (net 6 GNDA))
    (model ${KISYS3DMOD}/Capacitor_SMD.3dshapes/C_0603_1608Metric.wrl
      (at (xyz 0 0 0))
      (scale (xyz 1 1 1))
      (rotate (xyz 0 0 0))
    )
  )

  (module Capacitor_SMD:C_0603_1608Metric (layer F.Cu) (tedit 5B301BBE) (tstamp 5CA967A5)
    (at 85.8075 150.49 180)
    (descr "Capacitor SMD 0603 (1608 Metric), square (rectangular) end terminal, IPC_7351 nominal, (Body size source: http://www.tortai-tech.com/upload/download/2011102023233369053.pdf), generated with kicad-footprint-generator")
    (tags capacitor)
    (path /5CA9273F/5CABF3B1)
    (attr smd)
    (fp_text reference C24 (at -0.005001 0.024999 180) (layer F.SilkS)
      (effects (font (size 1 1) (thickness 0.15)))
    )
    (fp_text value 10uF (at 0 1.43 180) (layer F.Fab)
      (effects (font (size 1 1) (thickness 0.15)))
    )
    (fp_text user %R (at 0 0 180) (layer F.Fab)
      (effects (font (size 0.4 0.4) (thickness 0.06)))
    )
    (fp_line (start 1.48 0.73) (end -1.48 0.73) (layer F.CrtYd) (width 0.05))
    (fp_line (start 1.48 -0.73) (end 1.48 0.73) (layer F.CrtYd) (width 0.05))
    (fp_line (start -1.48 -0.73) (end 1.48 -0.73) (layer F.CrtYd) (width 0.05))
    (fp_line (start -1.48 0.73) (end -1.48 -0.73) (layer F.CrtYd) (width 0.05))
    (fp_line (start -0.162779 0.51) (end 0.162779 0.51) (layer F.SilkS) (width 0.12))
    (fp_line (start -0.162779 -0.51) (end 0.162779 -0.51) (layer F.SilkS) (width 0.12))
    (fp_line (start 0.8 0.4) (end -0.8 0.4) (layer F.Fab) (width 0.1))
    (fp_line (start 0.8 -0.4) (end 0.8 0.4) (layer F.Fab) (width 0.1))
    (fp_line (start -0.8 -0.4) (end 0.8 -0.4) (layer F.Fab) (width 0.1))
    (fp_line (start -0.8 0.4) (end -0.8 -0.4) (layer F.Fab) (width 0.1))
    (pad 2 smd roundrect (at 0.7875 0 180) (size 0.875 0.95) (layers F.Cu F.Paste F.Mask) (roundrect_rratio 0.25)
      (net 12 +3V3))
    (pad 1 smd roundrect (at -0.7875 0 180) (size 0.875 0.95) (layers F.Cu F.Paste F.Mask) (roundrect_rratio 0.25)
      (net 19 GND))
    (model ${KISYS3DMOD}/Capacitor_SMD.3dshapes/C_0603_1608Metric.wrl
      (at (xyz 0 0 0))
      (scale (xyz 1 1 1))
      (rotate (xyz 0 0 0))
    )
  )

  (module Capacitor_SMD:C_0603_1608Metric (layer B.Cu) (tedit 5B301BBE) (tstamp 5CA96794)
    (at 85.8125 150.54)
    (descr "Capacitor SMD 0603 (1608 Metric), square (rectangular) end terminal, IPC_7351 nominal, (Body size source: http://www.tortai-tech.com/upload/download/2011102023233369053.pdf), generated with kicad-footprint-generator")
    (tags capacitor)
    (path /5CA9273F/5CA964D6)
    (attr smd)
    (fp_text reference C23 (at -0.015001 -0.024999) (layer B.SilkS)
      (effects (font (size 1 1) (thickness 0.15)) (justify mirror))
    )
    (fp_text value 10uF (at 0 -1.43) (layer B.Fab)
      (effects (font (size 1 1) (thickness 0.15)) (justify mirror))
    )
    (fp_line (start -0.8 -0.4) (end -0.8 0.4) (layer B.Fab) (width 0.1))
    (fp_line (start -0.8 0.4) (end 0.8 0.4) (layer B.Fab) (width 0.1))
    (fp_line (start 0.8 0.4) (end 0.8 -0.4) (layer B.Fab) (width 0.1))
    (fp_line (start 0.8 -0.4) (end -0.8 -0.4) (layer B.Fab) (width 0.1))
    (fp_line (start -0.162779 0.51) (end 0.162779 0.51) (layer B.SilkS) (width 0.12))
    (fp_line (start -0.162779 -0.51) (end 0.162779 -0.51) (layer B.SilkS) (width 0.12))
    (fp_line (start -1.48 -0.73) (end -1.48 0.73) (layer B.CrtYd) (width 0.05))
    (fp_line (start -1.48 0.73) (end 1.48 0.73) (layer B.CrtYd) (width 0.05))
    (fp_line (start 1.48 0.73) (end 1.48 -0.73) (layer B.CrtYd) (width 0.05))
    (fp_line (start 1.48 -0.73) (end -1.48 -0.73) (layer B.CrtYd) (width 0.05))
    (fp_text user %R (at 0 0) (layer B.Fab)
      (effects (font (size 0.4 0.4) (thickness 0.06)) (justify mirror))
    )
    (pad 1 smd roundrect (at -0.7875 0) (size 0.875 0.95) (layers B.Cu B.Paste B.Mask) (roundrect_rratio 0.25)
      (net 12 +3V3))
    (pad 2 smd roundrect (at 0.7875 0) (size 0.875 0.95) (layers B.Cu B.Paste B.Mask) (roundrect_rratio 0.25)
      (net 19 GND))
    (model ${KISYS3DMOD}/Capacitor_SMD.3dshapes/C_0603_1608Metric.wrl
      (at (xyz 0 0 0))
      (scale (xyz 1 1 1))
      (rotate (xyz 0 0 0))
    )
  )

  (module Capacitor_SMD:C_0603_1608Metric (layer B.Cu) (tedit 5B301BBE) (tstamp 5CACC2D3)
    (at 69.3 123.3875 270)
    (descr "Capacitor SMD 0603 (1608 Metric), square (rectangular) end terminal, IPC_7351 nominal, (Body size source: http://www.tortai-tech.com/upload/download/2011102023233369053.pdf), generated with kicad-footprint-generator")
    (tags capacitor)
    (path /5CA7F59F/5CB48A53)
    (attr smd)
    (fp_text reference C19 (at -0.1125 0.1 270) (layer B.SilkS)
      (effects (font (size 1 1) (thickness 0.15)) (justify mirror))
    )
    (fp_text value 10uF (at 0 -1.43 270) (layer B.Fab)
      (effects (font (size 1 1) (thickness 0.15)) (justify mirror))
    )
    (fp_text user %R (at 0 0 270) (layer B.Fab)
      (effects (font (size 0.4 0.4) (thickness 0.06)) (justify mirror))
    )
    (fp_line (start 1.48 -0.73) (end -1.48 -0.73) (layer B.CrtYd) (width 0.05))
    (fp_line (start 1.48 0.73) (end 1.48 -0.73) (layer B.CrtYd) (width 0.05))
    (fp_line (start -1.48 0.73) (end 1.48 0.73) (layer B.CrtYd) (width 0.05))
    (fp_line (start -1.48 -0.73) (end -1.48 0.73) (layer B.CrtYd) (width 0.05))
    (fp_line (start -0.162779 -0.51) (end 0.162779 -0.51) (layer B.SilkS) (width 0.12))
    (fp_line (start -0.162779 0.51) (end 0.162779 0.51) (layer B.SilkS) (width 0.12))
    (fp_line (start 0.8 -0.4) (end -0.8 -0.4) (layer B.Fab) (width 0.1))
    (fp_line (start 0.8 0.4) (end 0.8 -0.4) (layer B.Fab) (width 0.1))
    (fp_line (start -0.8 0.4) (end 0.8 0.4) (layer B.Fab) (width 0.1))
    (fp_line (start -0.8 -0.4) (end -0.8 0.4) (layer B.Fab) (width 0.1))
    (pad 2 smd roundrect (at 0.7875 0 270) (size 0.875 0.95) (layers B.Cu B.Paste B.Mask) (roundrect_rratio 0.25)
      (net 18 "Net-(C18-Pad2)"))
    (pad 1 smd roundrect (at -0.7875 0 270) (size 0.875 0.95) (layers B.Cu B.Paste B.Mask) (roundrect_rratio 0.25)
      (net 6 GNDA))
    (model ${KISYS3DMOD}/Capacitor_SMD.3dshapes/C_0603_1608Metric.wrl
      (at (xyz 0 0 0))
      (scale (xyz 1 1 1))
      (rotate (xyz 0 0 0))
    )
  )

  (module Capacitor_SMD:C_0603_1608Metric (layer B.Cu) (tedit 5B301BBE) (tstamp 5CACC423)
    (at 67.8 123.3875 270)
    (descr "Capacitor SMD 0603 (1608 Metric), square (rectangular) end terminal, IPC_7351 nominal, (Body size source: http://www.tortai-tech.com/upload/download/2011102023233369053.pdf), generated with kicad-footprint-generator")
    (tags capacitor)
    (path /5CA7F59F/5CB3FF18)
    (attr smd)
    (fp_text reference C18 (at -0.1125 0.1 270) (layer B.SilkS)
      (effects (font (size 1 1) (thickness 0.15)) (justify mirror))
    )
    (fp_text value 0.1uF (at 0 -1.43 270) (layer B.Fab)
      (effects (font (size 1 1) (thickness 0.15)) (justify mirror))
    )
    (fp_line (start -0.8 -0.4) (end -0.8 0.4) (layer B.Fab) (width 0.1))
    (fp_line (start -0.8 0.4) (end 0.8 0.4) (layer B.Fab) (width 0.1))
    (fp_line (start 0.8 0.4) (end 0.8 -0.4) (layer B.Fab) (width 0.1))
    (fp_line (start 0.8 -0.4) (end -0.8 -0.4) (layer B.Fab) (width 0.1))
    (fp_line (start -0.162779 0.51) (end 0.162779 0.51) (layer B.SilkS) (width 0.12))
    (fp_line (start -0.162779 -0.51) (end 0.162779 -0.51) (layer B.SilkS) (width 0.12))
    (fp_line (start -1.48 -0.73) (end -1.48 0.73) (layer B.CrtYd) (width 0.05))
    (fp_line (start -1.48 0.73) (end 1.48 0.73) (layer B.CrtYd) (width 0.05))
    (fp_line (start 1.48 0.73) (end 1.48 -0.73) (layer B.CrtYd) (width 0.05))
    (fp_line (start 1.48 -0.73) (end -1.48 -0.73) (layer B.CrtYd) (width 0.05))
    (fp_text user %R (at 0 0 270) (layer B.Fab)
      (effects (font (size 0.4 0.4) (thickness 0.06)) (justify mirror))
    )
